100
6716541
3
7762723
9999972
6865010
3191803
8460583
9309119
2610613
6513281
2896297
3877633
9999995
8
1281246
2196613
6697461
13
2872729
9516811
9999931
7203246
3702389
8873129
9999162
11
9
7742461
3023326
1481717
9999996
6735763
86293
6987083
5094841
9999163
9299449
9999973
10
9999161
7
5462959
3132736
5001361
3410821
12
390548
9999998
2
9682616
5103067
1750607
8763892
5
3855409
1507483
3910981
9010879
9999930
1144
9999991
8237213
6537523
9999929
10000000
8248729
7783893
4936439
9325574
1862603
140839
3929879
8697851
1264969
1221469
5388168
4461641
9971849
3323191
4572049
4461642
9999999
9987391
2295773
4170220
7551991
6463741
1
8603593
615403
4
2360890
4461643
559513
6
4751053
3949061
9999997
9999971
4046177
