100
10000 100
9999 99
9998 98
9997 97
9996 96
9995 95
9994 94
9993 93
9992 92
9991 91
9990 90
9989 89
9988 88
9987 87
9986 86
9985 85
9984 84
9983 83
9982 82
9981 81
9980 80
9979 79
9978 78
9977 77
9976 76
9975 75
9974 74
9973 73
9972 72
9971 71
9970 70
9969 69
9968 68
9967 67
9966 66
9965 65
9964 64
9963 63
9962 62
9961 61
9960 60
9959 59
9958 58
9957 57
9956 56
9955 55
9954 54
9953 53
9952 52
9951 51
9950 50
9949 49
9948 48
9947 47
9946 46
9945 45
9944 44
9943 43
9942 42
9941 41
9940 40
9939 39
9938 38
9937 37
9936 36
9935 35
9934 34
9933 33
9932 32
9931 31
9930 30
9929 29
9928 28
9927 27
9926 26
9925 25
9924 24
9923 23
9922 22
9921 21
9920 20
9919 19
9918 18
9917 17
9916 16
9915 15
9914 14
9913 13
9912 12
9911 11
9910 10
9909 9
9908 8
9907 7
9906 6
9905 5
9904 4
9903 3
9902 2
9901 1