90
706222746519015248 421041598191873960 279578077765942530
66167333428448560 15799451508235460 498512251858397474
419207806048124808 9477696772386600 411092707308474780
306144589086371610 20974525130306495 266425279757945308
368343935072019540 267318102809965548 163924717898605739
300649489393177782 73581813337728000 464684001023867490
650741289190765900 584935419091047174 8077451659288947
455910286617884786 167459099031375530 208782463683555650
185 183 2
90673193592484380 46831348518596952 267909103250045284
120037259506978800 13297862015874150 382324722059839046
355201150419470880 124367535743497685 812060495325651660
77665544332211 11223344556677 0
83716485936440 64528193749358 1938563682
45065654823849248 22145763358690334 171176646724423875
675198952120020504 12693828525390824 98003652468530252
205561667385181119 120145170122748288 15157895919535350
250 180 2
253462616584961972 10567931421935888 267775867591040718
250 180 7
772477760607603687 238547547912122280 11585249370778072
926774598942415488 24846209495116100 873924375092446216
462792662510415488 127936207661020066 361379784727679388
565018701983723768 360418408183392000 4366810555258042
250 180 5
239921271940827983 38664263405904164 572292855763814480
465039304799792912 338791582003528386 64194675421129764
238743943600197728 208606168320458552 925003158612580576
873860681335491140 154400248919512052 46349012138667419
96013867419309042 32596782990594610 367618210047729223
88250149864040208 57066959308069095 107495602565322180
590293694070288075 93785113464380310 156743395662723631
307082582931576672 32444830435625575 83483632571934910
817792675546437960 138964541283841284 111105545806462425
391279766533881459 247399985435506989 183354041923547386
222408383811329412 41350015118554064 46875626258614713
111157341370415298 9994578135350578 145626330681856224
200109538285010289 49363744160568300 240706982980573720
136954494940961280 73093304696359080 206252361653160357
250 180 8
189225499158751013 180564607640781792 460232581720028364
132446667731459565 11191094227443300 530420845402911780
470099553951860868 147679126437803736 192062758511508744
402494627858198736 124484637036796004 120430823502705058
603801865643617662 42497323487076815 56149370458221225
695762976748571460 264452967363670360 150838813689150244
221698042627448100 146178912525454150 16389470401140096
75300826847265690 8261518418721672 373297028391454862
243017954929152970 81985813851266897 60194972134316105
250 180 1
656966125271652759 115845025123221248 3257725387356363
98666454349872745 23148379857762494 76724890440754608
278021243259829440 257979971062493400 463911998354142588
265706450016039120 195800848612380018 146553797709469300
444475521822017811 265589661176949173 29406091665712336
765389065575425400 201438683288972364 8528746013854698
142297327781979860 40867421787744542 387937021871892349
614064507855957868 200029622849481743 25936201506490860
55734636628018368 6207489829159770 68214428663472
587022330332506710 75527760649129130 175312778407609856
250 180 0
821560774550493706 145619782720204108 56512657057403610
201 200 1
153921450095618896 109904247944577162 62860720914180000
250 180 6
383559415311140402 166843837396756350 675006289322640220
408177997100500200 401595501136817280 294155213762357145
617678570881956600 212032392524324568 323815526341700184
495990428810520676 18885738079286169 78234271707244663
576019184748162782 202181510430906787 594003868206536466
268730947250374810 30969612486836015 220370769158820148
716549248506563361 187631808111218376 384016666328928
373868218924203009 110068475810000488 176257064294994456
250 180 4
329844421563242300 272168307499812438 699224428584740420
367170830405506664 1968088193377358 405256744559600516
114260432136529880 27971777514809210 185533793830462880
302620129558596900 195687843452950264 99272987829424991
307303802051531208 180226421431142088 399411778562072040
221405756146964915 186424654324164710 890504426710054240
214583770295363106 69229185582086495 289202872636535760
335409455984614092 238039378554736460 787799729458091823
1000000000000000000 123456789123456789 987654321987654321
231673860243175672 96175474973701252 5143128828275680
245228252012425644 70152821095283836 108951133082862820
426193744388488444 94532054603213952 474070809732471360
250 180 3
432557330144274720 409345639517845192 165446898272607852
197186856612110640 185086778934784610 49950188738000796
616740931928871920 13551599020239 120993049628257312
